0 0.26796875 0.8234375 0.14453125 0.11875
0 0.6828125 0.8109375 0.1125 0.08828125
0 0.82890625 0.9078125 0.12578125 0.1015625
0 0.11015625 0.57265625 0.05859375 0.053125
0 0.2609375 0.575 0.04921875 0.04375
0 0.3109375 0.553125 0.0453125 0.03984375
0 0.3265625 0.43828125 0.05390625 0.053125
0 0.22109375 0.321875 0.04921875 0.06171875
0 0.35546875 0.35234375 0.05390625 0.0484375
0 0.184375 0.20078125 0.05859375 0.053125
0 0.1984375 0.11484375 0.05390625 0.05703125
0 0.37578125 0.21171875 0.05390625 0.053125
0 0.4328125 0.21328125 0.05859375 0.0484375
0 0.38515625 0.2953125 0.0453125 0.04375
0 0.41015625 0.26640625 0.071875 0.0484375
0 0.58984375 0.33046875 0.05390625 0.05703125
0 0.65078125 0.34375 0.05859375 0.053125
0 0.69375 0.39609375 0.0671875 0.053125
0 0.57890625 0.2046875 0.05390625 0.0484375
0 0.60546875 0.08125 0.05859375 0.053125
0 0.60390625 0.16484375 0.05390625 0.053125
0 0.7546875 0.2375 0.05859375 0.06171875
0 0.67109375 0.15 0.05859375 0.053125
0 0.72109375 0.11484375 0.04921875 0.05703125
0 0.765625 0.11875 0.05859375 0.03515625
0 0.82421875 0.1453125 0.0671875 0.03984375