0 0.13828125 0.4734375 0.075 0.0796875
0 0.0859375 0.65078125 0.05703125 0.09140625
0 0.2421875 0.63515625 0.07265625 0.07109375
0 0.28203125 0.31171875 0.05859375 0.10234375
0 0.55625 0.1046875 0.0546875 0.09453125
0 0.6359375 0.121875 0.06796875 0.08828125
0 0.56875 0.2703125 0.0703125 0.0765625
0 0.53046875 0.30390625 0.065625 0.0765625
0 0.596875 0.353125 0.065625 0.08671875
0 0.92890625 0.5828125 0.0703125 0.075
0 0.62734375 0.46171875 0.05078125 0.10390625
0 0.3875 0.35234375 0.0484375 0.09453125
0 0.34453125 0.3921875 0.046875 0.08984375
0 0.3359375 0.46015625 0.05703125 0.0828125
0 0.3546875 0.56640625 0.0484375 0.09453125
0 0.375 0.66484375 0.05078125 0.08828125
0 0.40625 0.72734375 0.04453125 0.08515625