0 0.4171875 0.47109375 0.04375 0.115625
0 0.559375 0.334375 0.0421875 0.10546875
0 0.5921875 0.5109375 0.0328125 0.09765625
0 0.740625 0.58359375 0.04765625 0.05703125
0 0.6546875 0.70625 0.0390625 0.09453125
0 0.3625 0.671875 0.04609375 0.08125
0 0.48125 0.590625 0.03828125 0.0828125
0 0.4578125 0.44765625 0.0453125 0.06875
0 0.41484375 0.37265625 0.053125 0.05234375
0 0.365625 0.284375 0.05234375 0.071875
0 0.30390625 0.39609375 0.05234375 0.06171875
0 0.359375 0.75859375 0.0453125 0.0703125
0 0.171875 0.77109375 0.0609375 0.06328125
0 0.1453125 0.6796875 0.04609375 0.071875
0 0.1484375 0.52109375 0.0421875 0.06328125
0 0.1375 0.39921875 0.04765625 0.075
0 0.07578125 0.275 0.046875 0.078125
0 0.09453125 0.2125 0.046875 0.10078125
0 0.13828125 0.19453125 0.05 0.06875
0 0.31484375 0.93046875 0.065625 0.0703125
0 0.43046875 0.8890625 0.05703125 0.05859375
0 0.53984375 0.934375 0.05234375 0.06875
0 0.43515625 0.2125 0.05078125 0.05078125
0 0.50859375 0.29375 0.046875 0.06640625
0 0.6 0.30859375 0.046875 0.075
0 0.6546875 0.24765625 0.04375 0.0765625