2 0.0671875 0.109375 0.0734375 0.178125
2 0.18671875 0.10546875 0.0875 0.18515625
2 0.30625 0.10859375 0.07265625 0.18359375
2 0.4140625 0.10703125 0.08125 0.1765625
2 0.5765625 0.11015625 0.09140625 0.203125
2 0.69609375 0.11484375 0.075 0.18671875
2 0.81796875 0.1015625 0.0703125 0.18984375
2 0.9359375 0.109375 0.075 0.1984375
2 0.084375 0.4203125 0.1453125 0.38671875
2 0.25 0.4078125 0.1609375 0.41171875
2 0.4078125 0.4203125 0.15234375 0.3703125
2 0.59453125 0.41171875 0.15234375 0.3703125
2 0.7609375 0.40859375 0.1609375 0.39296875
2 0.9140625 0.4171875 0.13984375 0.36796875
2 0.08046875 0.80078125 0.1578125 0.375
2 0.25 0.8 0.1640625 0.3765625
2 0.41015625 0.79453125 0.15 0.38515625
2 0.57421875 0.7984375 0.15625 0.38984375
2 0.74921875 0.80078125 0.15234375 0.38515625
2 0.9203125 0.8015625 0.1546875 0.38984375