2 0.09140625 0.159375 0.1828125 0.25625
2 0.2109375 0.08671875 0.228125 0.1734375
2 0.42265625 0.07890625 0.3796875 0.1578125
2 0.7265625 0.1453125 0.253125 0.290625
2 0.88125 0.109375 0.23203125 0.21796875
2 0.48046875 0.22421875 0.3234375 0.2734375
2 0.91484375 0.3296875 0.16640625 0.32109375
2 0.23671875 0.31171875 0.18046875 0.38671875
2 0.08515625 0.45078125 0.1703125 0.353125
2 0.125 0.70078125 0.20234375 0.396875
2 0.06953125 0.915625 0.1390625 0.1609375
2 0.315625 0.565625 0.24765625 0.36484375
2 0.57265625 0.35703125 0.33515625 0.26796875
2 0.7046875 0.45078125 0.28359375 0.3390625
2 0.8453125 0.54765625 0.2125 0.36328125
2 0.503125 0.6546875 0.21015625 0.38125
2 0.42578125 0.834375 0.23046875 0.3234375
2 0.67734375 0.76328125 0.18671875 0.3671875
2 0.2890625 0.9015625 0.228125 0.1921875
2 0.871875 0.8890625 0.25234375 0.19453125