2 0.84140625 0.19296875 0.11171875 0.103125
2 0.87265625 0.2859375 0.15078125 0.09765625
2 0.7046875 0.1859375 0.08515625 0.09296875
2 0.7390625 0.39921875 0.12734375 0.11875
2 0.78203125 0.46171875 0.1 0.134375
2 0.63671875 0.3296875 0.11171875 0.134375
2 0.51953125 0.22421875 0.11171875 0.1234375
2 0.534375 0.31171875 0.09296875 0.1390625
2 0.59453125 0.48203125 0.1078125 0.1234375
2 0.38828125 0.265625 0.1 0.134375
2 0.3046875 0.3171875 0.1546875 0.07734375
2 0.3359375 0.4921875 0.16640625 0.09296875
2 0.3515625 0.59296875 0.14296875 0.10859375
2 0.24296875 0.5796875 0.115625 0.1390625
2 0.11796875 0.428125 0.0734375 0.14453125
2 0.15234375 0.484375 0.08515625 0.14921875
2 0.12578125 0.571875 0.08515625 0.09765625
2 0.14453125 0.69609375 0.13125 0.0828125
2 0.34921875 0.6984375 0.09296875 0.12890625
2 0.45 0.78359375 0.11953125 0.11875