2 0.10390625 0.265625 0.16328125 0.10703125
2 0.046875 0.33984375 0.09296875 0.215625
2 0.04453125 0.11796875 0.0890625 0.2203125
2 0.2375 0.134375 0.10625 0.22421875
2 0.1921875 0.3453125 0.12734375 0.171875
2 0.0734375 0.5515625 0.1 0.2265625
2 0.15078125 0.6234375 0.09765625 0.23984375
2 0.22890625 0.596875 0.115625 0.19609375
2 0.24375 0.40703125 0.12421875 0.1984375
2 0.340625 0.184375 0.13046875 0.1984375
2 0.22890625 0.74296875 0.1453125 0.15703125
2 0.26875 0.8859375 0.16796875 0.13046875
2 0.33125 0.94296875 0.10625 0.10859375
2 0.38046875 0.7734375 0.15546875 0.15703125
2 0.32890625 0.6390625 0.08359375 0.19375
2 0.29375 0.50859375 0.08359375 0.20234375
2 0.34921875 0.334375 0.140625 0.1875
2 0.365625 0.50234375 0.08828125 0.209375
2 0.4203125 0.1046875 0.08828125 0.2046875
2 0.4234375 0.328125 0.08984375 0.20234375
2 0.42109375 0.58203125 0.1078125 0.215625
2 0.48046875 0.39765625 0.14375 0.19140625
2 0.49921875 0.2375 0.1390625 0.15703125
2 0.525 0.11953125 0.1109375 0.1875
2 0.5734375 0.084375 0.1125 0.16875
2 0.6125 0.21875 0.12265625 0.2203125
2 0.52890625 0.50078125 0.12265625 0.16796875
2 0.6 0.384375 0.12578125 0.14609375
2 0.5234375 0.6125 0.15859375 0.12421875
2 0.48125 0.7765625 0.1109375 0.1984375
2 0.43359375 0.9171875 0.16484375 0.1609375
2 0.61015625 0.8046875 0.1796875 0.159375
2 0.6359375 0.62734375 0.1078125 0.20234375
2 0.6265625 0.503125 0.11796875 0.14140625
2 0.68828125 0.42265625 0.08984375 0.21796875
2 0.6640625 0.1046875 0.0765625 0.20703125
2 0.759375 0.0515625 0.15234375 0.10234375
2 0.74609375 0.20234375 0.09765625 0.22890625
2 0.75703125 0.396875 0.09765625 0.21796875
2 0.7015625 0.74375 0.15 0.1265625
2 0.7140625 0.928125 0.078125 0.1390625
2 0.625 0.92734375 0.08984375 0.14140625
2 0.790625 0.90625 0.146875 0.165625
2 0.79765625 0.68828125 0.10625 0.2046875
2 0.78515625 0.53671875 0.16015625 0.115625
2 0.82734375 0.2734375 0.15390625 0.1375
2 0.890625 0.08984375 0.13125 0.1796875
2 0.95703125 0.39296875 0.08359375 0.20234375
2 0.87109375 0.48359375 0.13203125 0.17421875
2 0.88828125 0.70625 0.12890625 0.19375
2 0.89921875 0.8421875 0.1796875 0.1546875