2 0.26484375 0.20078125 0.1953125 0.10703125
2 0.3546875 0.13828125 0.13984375 0.1609375
2 0.04765625 0.33515625 0.0953125 0.17421875
2 0.0875 0.4015625 0.11484375 0.16484375
2 0.05546875 0.49765625 0.1109375 0.1140625
2 0.075 0.64765625 0.15 0.11640625
2 0.18515625 0.5046875 0.16484375 0.1609375
2 0.3 0.40625 0.18984375 0.0984375
2 0.3125 0.515625 0.1703125 0.1296875
2 0.31015625 0.6515625 0.1296875 0.17421875
2 0.2796875 0.80390625 0.16484375 0.0578125
2 0.4328125 0.7390625 0.1796875 0.13828125
2 0.5421875 0.51328125 0.18984375 0.13359375
2 0.59765625 0.3953125 0.15 0.15625
2 0.5203125 0.19453125 0.11484375 0.15625
2 0.5078125 0.09375 0.13984375 0.1515625
2 0.6328125 0.22109375 0.13984375 0.1609375
2 0.7125 0.05859375 0.1125 0.1171875
2 0.7578125 0.2859375 0.16484375 0.1296875
2 0.8125 0.3703125 0.15 0.1609375
2 0.88046875 0.05859375 0.1515625 0.1171875
2 0.89765625 0.1671875 0.18515625 0.1203125