2 0.22109375 0.32265625 0.0953125 0.07890625
2 0.1625 0.22578125 0.10703125 0.07890625
2 0.18828125 0.1671875 0.08671875 0.059375
2 0.24453125 0.2125 0.1 0.075
2 0.2109375 0.1015625 0.0796875 0.0875
2 0.046875 0.02890625 0.09296875 0.0578125
2 0.0265625 0.0640625 0.053125 0.09375
2 0.0765625 0.08515625 0.08671875 0.09609375
2 0.1140625 0.07109375 0.0796875 0.0984375
2 0.1078125 0.01796875 0.04140625 0.0296875
2 0.225 0.0390625 0.08828125 0.0640625
2 0.15859375 0.04765625 0.06640625 0.0875
2 0.03828125 0.134375 0.0765625 0.053125
2 0.28203125 0.11328125 0.096875 0.0703125
2 0.3140625 0.07109375 0.08515625 0.08515625
2 0.28203125 0.30078125 0.0796875 0.1
2 0.30859375 0.1578125 0.08359375 0.075
2 0.3625 0.0671875 0.0515625 0.1
2 0.4046875 0.040625 0.05859375 0.08125
2 0.24921875 0.39140625 0.08828125 0.07890625
2 0.3984375 0.09296875 0.08671875 0.05546875
2 0.4484375 0.06640625 0.05 0.1109375
2 0.34921875 0.13515625 0.06640625 0.08515625
2 0.35390625 0.20234375 0.0953125 0.059375
2 0.41171875 0.1671875 0.0796875 0.0984375
2 0.45546875 0.15390625 0.0796875 0.07890625
2 0.50390625 0.134375 0.06171875 0.1
2 0.51171875 0.0640625 0.096875 0.0640625
2 0.5609375 0.1109375 0.0984375 0.059375
2 0.33984375 0.315625 0.06640625 0.11484375
2 0.28828125 0.3734375 0.0703125 0.10234375
2 0.61640625 0.15234375 0.0953125 0.0703125
2 0.5609375 0.17578125 0.075 0.08125
2 0.4953125 0.21328125 0.09296875 0.0765625
2 0.39140625 0.31953125 0.0703125 0.0875
2 0.34296875 0.39765625 0.06796875 0.1109375
2 0.33203125 0.4609375 0.06640625 0.11484375
2 0.39140625 0.3984375 0.0484375 0.11328125
2 0.440625 0.3078125 0.08359375 0.09375
2 0.484375 0.2875 0.04140625 0.1109375
2 0.62734375 0.20859375 0.075 0.07265625
2 0.53046875 0.2625 0.06171875 0.1109375
2 0.68671875 0.1890625 0.08984375 0.07265625
2 0.59453125 0.24609375 0.0796875 0.07890625
2 0.56953125 0.2984375 0.053125 0.10234375
2 0.540625 0.365625 0.05 0.11953125
2 0.50078125 0.371875 0.04296875 0.11328125
2 0.465625 0.4125 0.05 0.1171875
2 0.421875 0.46875 0.05 0.1171875
2 0.50234375 0.453125 0.075 0.1
2 0.45234375 0.5578125 0.053125 0.13203125
2 0.51015625 0.59296875 0.0734375 0.08984375
2 0.7390625 0.240625 0.0515625 0.121875
2 0.67734375 0.3453125 0.0484375 0.11484375
2 0.60859375 0.459375 0.0484375 0.11484375
2 0.6359375 0.6546875 0.078125 0.075
2 0.73671875 0.5796875 0.1015625 0.0578125