2 0.2421875 0.84609375 0.13671875 0.140625
2 0.3625 0.86640625 0.121875 0.15234375
2 0.3390625 0.75625 0.225 0.08984375
2 0.6953125 0.84765625 0.22265625 0.07421875
2 0.68828125 0.63671875 0.1984375 0.08671875
2 0.734375 0.5515625 0.12421875 0.1203125
2 0.41875 0.6328125 0.0859375 0.05546875
2 0.35625 0.6453125 0.0953125 0.0625
2 0.34609375 0.59296875 0.11015625 0.04140625
2 0.3828125 0.54296875 0.06640625 0.07265625
2 0.275 0.57734375 0.0765625 0.07578125
2 0.19140625 0.59921875 0.0953125 0.04296875
2 0.2125 0.646875 0.10546875 0.05234375
2 0.18046875 0.52109375 0.09765625 0.0484375