2 0.45390625 0.2953125 0.0875 0.075
2 0.49140625 0.446875 0.06328125 0.096875
2 0.76015625 0.428125 0.09375 0.14609375
2 0.84140625 0.33046875 0.08203125 0.13203125
2 0.80546875 0.81640625 0.12578125 0.1015625
2 0.1734375 0.7765625 0.271875 0.21640625
2 0.40859375 0.74609375 0.05 0.084375
2 0.3828125 0.8015625 0.03828125 0.09140625
2 0.44609375 0.81015625 0.04296875 0.09453125
2 0.47890625 0.76640625 0.05 0.08359375
2 0.5125 0.740625 0.06328125 0.06796875
2 0.54921875 0.67734375 0.065625 0.06953125
2 0.61796875 0.74375 0.07109375 0.05703125
2 0.6390625 0.6890625 0.046875 0.06953125
2 0.5546875 0.79296875 0.053125 0.08203125
2 0.4859375 0.85390625 0.04765625 0.08203125
2 0.53515625 0.86484375 0.0625 0.075
2 0.62734375 0.88828125 0.06171875 0.0515625
2 0.640625 0.8421875 0.03671875 0.06796875