2 0.35859375 0.1390625 0.14296875 0.06796875
2 0.22890625 0.18203125 0.1125 0.1
2 0.19453125 0.30390625 0.09921875 0.09375
2 0.09296875 0.3765625 0.1046875 0.10859375
2 0.059375 0.47890625 0.06328125 0.12421875
2 0.13515625 0.46328125 0.090625 0.103125
2 0.22421875 0.35 0.10859375 0.0828125
2 0.2921875 0.26328125 0.0796875 0.11640625
2 0.35234375 0.20546875 0.125 0.07109375
2 0.38828125 0.26171875 0.1265625 0.08984375
2 0.31796875 0.34140625 0.12109375 0.0765625
2 0.234375 0.4453125 0.065625 0.13359375
2 0.15859375 0.553125 0.11015625 0.096875
2 0.225 0.53203125 0.10703125 0.0953125
2 0.1375 0.60859375 0.10859375 0.0953125
2 0.09375 0.64921875 0.1125 0.0953125
2 0.35234375 0.45546875 0.134375 0.059375
2 0.37890625 0.37734375 0.12109375 0.059375
2 0.4578125 0.3140625 0.125 0.06953125
2 0.55234375 0.10390625 0.12421875 0.05546875
2 0.62890625 0.1296875 0.08671875 0.103125
2 0.57890625 0.25703125 0.0671875 0.11640625
2 0.68359375 0.20625 0.125 0.0828125
2 0.82421875 0.1625 0.1203125 0.0609375
2 0.8234375 0.2328125 0.1296875 0.0796875
2 0.79140625 0.3109375 0.12109375 0.0859375
2 0.9 0.3328125 0.1140625 0.12421875
2 0.56015625 0.36953125 0.10625 0.0953125
2 0.40859375 0.52734375 0.09453125 0.11171875
2 0.2546875 0.6328125 0.07421875 0.1203125
2 0.31953125 0.71484375 0.1265625 0.08125
2 0.38828125 0.678125 0.11875 0.1015625
2 0.490625 0.65859375 0.096875 0.103125
2 0.62265625 0.52578125 0.0796875 0.12265625
2 0.67421875 0.44921875 0.10625 0.10859375
2 0.8109375 0.50234375 0.09921875 0.11328125
2 0.70390625 0.584375 0.09921875 0.11875
2 0.953125 0.47265625 0.0921875 0.10390625
2 0.69921875 0.73203125 0.14453125 0.0875
2 0.80234375 0.68203125 0.0671875 0.13359375
2 0.8609375 0.6203125 0.07109375 0.13515625
2 0.9375 0.5796875 0.1046875 0.10859375
2 0.5109375 0.7484375 0.09921875 0.1203125
2 0.41796875 0.871875 0.1203125 0.0828125