2 0.4515625 0.29375 0.09296875 0.0671875
2 0.490625 0.4484375 0.06953125 0.09765625
2 0.16953125 0.78125 0.26640625 0.23203125
2 0.80859375 0.825 0.1390625 0.103125
2 0.40703125 0.74765625 0.0578125 0.0875
2 0.509375 0.7375 0.06171875 0.0671875
2 0.55234375 0.675 0.06171875 0.06171875
2 0.6390625 0.69296875 0.03828125 0.0671875
2 0.61953125 0.7421875 0.06953125 0.06171875
2 0.55625 0.79375 0.05 0.0828125
2 0.47890625 0.765625 0.05390625 0.0828125
2 0.45 0.809375 0.05 0.0828125
2 0.38828125 0.80390625 0.0421875 0.0875
2 0.48671875 0.84765625 0.04609375 0.0875
2 0.5328125 0.8609375 0.06171875 0.0671875
2 0.62734375 0.8890625 0.06171875 0.0515625