3 0.08671875 0.11015625 0.14375 0.21640625
3 0.2734375 0.12578125 0.16484375 0.196875
3 0.4578125 0.121875 0.134375 0.196875
3 0.62421875 0.1328125 0.134375 0.16796875
3 0.109375 0.3609375 0.18046875 0.23046875
3 0.31484375 0.36484375 0.17734375 0.22265625
3 0.7796875 0.159375 0.1484375 0.09453125
3 0.7796875 0.0375 0.1484375 0.075
3 0.93203125 0.04453125 0.13125 0.0890625
3 0.92578125 0.146875 0.1359375 0.07578125
3 0.52265625 0.3671875 0.15234375 0.19140625
3 0.7296875 0.3828125 0.14296875 0.175
3 0.91328125 0.3953125 0.1359375 0.1484375
3 0.9171875 0.52734375 0.1359375 0.090625
3 0.73046875 0.5265625 0.15703125 0.08671875
3 0.72734375 0.63515625 0.1296875 0.075
3 0.903125 0.63671875 0.1484375 0.08671875
3 0.52890625 0.62578125 0.15703125 0.175
3 0.3015625 0.62890625 0.1625 0.19375
3 0.09140625 0.609375 0.15 0.22578125
3 0.084375 0.86484375 0.1359375 0.2375
3 0.26328125 0.878125 0.14375 0.23046875
3 0.4609375 0.88828125 0.15234375 0.20625
3 0.678125 0.871875 0.16640625 0.22890625
3 0.90390625 0.86953125 0.16640625 0.2234375