4 0.09453125 0.12421875 0.1 0.17421875
4 0.29609375 0.121875 0.103125 0.13515625
4 0.50234375 0.1234375 0.1046875 0.1640625
4 0.7 0.11953125 0.1125 0.171875
4 0.903125 0.11796875 0.1 0.190625
4 0.10859375 0.43515625 0.1828125 0.34765625
4 0.29921875 0.421875 0.19765625 0.265625
4 0.50078125 0.43828125 0.17734375 0.328125
4 0.70390625 0.4359375 0.19375 0.31640625
4 0.89921875 0.43515625 0.159375 0.31640625
4 0.10078125 0.81875 0.19921875 0.3546875
4 0.30234375 0.8078125 0.18984375 0.3359375
4 0.49765625 0.81171875 0.1953125 0.3546875
4 0.69921875 0.81484375 0.20859375 0.34296875
4 0.89765625 0.8078125 0.171875 0.2875