4 0.1046875 0.12734375 0.1625 0.2125
4 0.3 0.12734375 0.178125 0.24140625
4 0.4984375 0.12890625 0.196875 0.24140625
4 0.7046875 0.12734375 0.16875 0.22109375
4 0.9 0.12890625 0.159375 0.2125
4 0.13125 0.4375 0.2625 0.34140625
4 0.3734375 0.44140625 0.1875 0.26640625
4 0.621875 0.4375 0.246875 0.325
4 0.878125 0.43515625 0.225 0.30859375
4 0.121875 0.82109375 0.24375 0.35
4 0.3703125 0.81484375 0.259375 0.34609375
4 0.6296875 0.81484375 0.253125 0.34140625
4 0.88125 0.78515625 0.228125 0.32109375