4 0.60078125 0.06953125 0.19609375 0.12890625
4 0.63046875 0.5953125 0.24140625 0.17109375
1 0.61640625 0.39765625 0.21796875 0.13046875
1 0.6046875 0.21875 0.17421875 0.11875
0 0.31171875 0.8546875 0.3328125 0.1609375
0 0.29765625 0.21796875 0.384375 0.43515625
0 0.8328125 0.0984375 0.203125 0.1796875
0 0.8625 0.27265625 0.20859375 0.20625
7 0.6328125 0.790625 0.190625 0.175
2 0.86328125 0.77734375 0.1265625 0.15078125
3 0.340625 0.6796875 0.2484375 0.0984375
3 0.3671875 0.5828125 0.16640625 0.0609375
3 0.36328125 0.5015625 0.17421875 0.0609375
3 0.2390625 0.50859375 0.084375 0.1015625