4 0.275 0.35390625 0.18203125 0.2
4 0.5140625 0.2984375 0.17109375 0.20390625
4 0.46875 0.459375 0.15859375 0.1890625
4 0.33671875 0.53515625 0.15859375 0.221875
4 0.20625 0.6 0.12734375 0.240625
4 0.10625 0.44609375 0.1453125 0.221875
4 0.11015625 0.21484375 0.17109375 0.20703125
4 0.22578125 0.10234375 0.1609375 0.2046875
4 0.521875 0.64296875 0.140625 0.23671875
4 0.61015625 0.45 0.1453125 0.21484375
4 0.38828125 0.8109375 0.1609375 0.2
4 0.684375 0.8390625 0.15546875 0.178125
4 0.7625 0.68671875 0.1609375 0.19609375