6 0.559375 0.49453125 0.225 0.1421875
6 0.35703125 0.5125 0.20234375 0.1453125
6 0.75546875 0.41640625 0.225 0.14921875
6 0.834375 0.26875 0.23046875 0.14921875
6 0.7078125 0.12578125 0.21875 0.13125
6 0.4296875 0.0875 0.26953125 0.1421875
6 0.23046875 0.17265625 0.23046875 0.134375
6 0.5171875 0.3015625 0.24140625 0.15625
6 0.190625 0.34921875 0.23046875 0.16015625
6 0.07578125 0.53984375 0.1515625 0.14921875
6 0.26953125 0.66328125 0.225 0.14921875
6 0.1375 0.8 0.225 0.15625
6 0.67109375 0.63828125 0.26953125 0.1453125
6 0.94375 0.4796875 0.10078125 0.1453125
6 0.6265625 0.7671875 0.2640625 0.13125
6 0.39296875 0.79609375 0.196875 0.15625
6 0.5390625 0.9 0.253125 0.13828125
6 0.9328125 0.8875 0.1234375 0.15234375
6 0.2640625 0.95625 0.225 0.0796875