7 0.05390625 0.1546875 0.0421875 0.08203125
7 0.15703125 0.3421875 0.0453125 0.09375
7 0.2890625 0.38984375 0.03984375 0.09375
7 0.55546875 0.46640625 0.0453125 0.08203125
7 0.75703125 0.41484375 0.06171875 0.05078125
7 0.69609375 0.1765625 0.0578125 0.0609375
7 0.946875 0.27421875 0.0421875 0.07734375
7 0.66796875 0.05546875 0.0359375 0.084375
7 0.46953125 0.215625 0.0484375 0.08359375
7 0.34375 0.08984375 0.0359375 0.07578125
7 0.37421875 0.46328125 0.0453125 0.07890625
7 0.1390625 0.56015625 0.0359375 0.0875
7 0.18125 0.7453125 0.0421875 0.084375
7 0.4484375 0.721875 0.0421875 0.07734375
7 0.71953125 0.95 0.0609375 0.05390625
7 0.8421875 0.80234375 0.0328125 0.090625
7 0.3109375 0.96328125 0.040625 0.0703125