0 0.740625 0.1484375 0.20078125 0.29140625
0 0.59140625 0.271875 0.234375 0.36953125
0 0.7390625 0.5953125 0.18046875 0.4125
0 0.559375 0.5609375 0.2359375 0.309375
0 0.4171875 0.44296875 0.2078125 0.3734375
0 0.596875 0.8640625 0.23125 0.26640625
0 0.409375 0.8484375 0.16796875 0.3
0 0.240625 0.834375 0.24140625 0.32890625
0 0.04453125 0.82890625 0.0890625 0.3390625
0 0.05234375 0.571875 0.1046875 0.26640625
0 0.1578125 0.63203125 0.1734375 0.45703125
0 0.0921875 0.24453125 0.153125 0.43203125
0 0.2109375 0.234375 0.1453125 0.4515625
0 0.35 0.19296875 0.153125 0.3859375