0 0.20234375 0.48046875 0.12265625 0.21953125
0 0.15078125 0.20625 0.14375 0.178125
0 0.178125 0.09765625 0.09921875 0.125
0 0.2796875 0.27890625 0.14140625 0.19375
0 0.30625 0.13671875 0.13125 0.18828125
0 0.30234375 0.50234375 0.09921875 0.23984375
0 0.26015625 0.746875 0.13359375 0.2171875
0 0.33515625 0.89140625 0.10859375 0.18671875
0 0.36328125 0.7296875 0.13203125 0.2140625
0 0.39140625 0.5796875 0.11328125 0.2171875
0 0.39296875 0.4046875 0.1296875 0.2
0 0.41328125 0.25390625 0.15 0.17421875
0 0.44375 0.140625 0.159375 0.1765625
0 0.52734375 0.0953125 0.13359375 0.1046875
0 0.559375 0.23984375 0.1109375 0.2109375
0 0.50390625 0.40390625 0.1109375 0.22578125
0 0.4875 0.60859375 0.1078125 0.22109375
0 0.47265625 0.79375 0.1109375 0.23671875
0 0.55 0.91640625 0.11015625 0.13671875
0 0.57109375 0.75703125 0.09609375 0.228125
0 0.5734375 0.56484375 0.10859375 0.2125
0 0.61328125 0.42109375 0.13203125 0.215625
0 0.68828125 0.340625 0.10859375 0.2125
0 0.6703125 0.62890625 0.1125 0.22265625
0 0.75859375 0.49140625 0.121875 0.22109375
0 0.78671875 0.1640625 0.12734375 0.2296875
0 0.88203125 0.21953125 0.10625 0.24296875