1 0.0734375 0.38515625 0.0625 0.059375
1 0.3296875 0.30234375 0.04609375 0.065625
1 0.534375 0.25 0.05 0.065625
1 0.9203125 0.1703125 0.04140625 0.07265625
1 0.2640625 0.43203125 0.0578125 0.07109375
1 0.21796875 0.57890625 0.04609375 0.05625
1 0.36796875 0.425 0.05 0.06953125
1 0.56875 0.41015625 0.05390625 0.06796875
1 0.4515625 0.51640625 0.05234375 0.065625
1 0.35078125 0.63515625 0.059375 0.06953125
1 0.2140625 0.865625 0.06171875 0.0640625
1 0.4765625 0.58984375 0.05 0.0640625
1 0.6015625 0.53984375 0.0578125 0.06953125
1 0.56796875 0.7234375 0.05546875 0.07109375
1 0.64609375 0.659375 0.0484375 0.0640625
1 0.6765625 0.753125 0.059375 0.06953125
1 0.74296875 0.52421875 0.0515625 0.0796875
1 0.77109375 0.60546875 0.0484375 0.075
1 0.896875 0.5640625 0.05546875 0.0578125
1 0.9296875 0.42109375 0.05 0.0765625