2 0.446875 0.1296875 0.11328125 0.08515625
2 0.5484375 0.07578125 0.12265625 0.10859375
2 0.7625 0.26953125 0.103125 0.10234375
2 0.846875 0.23046875 0.0734375 0.11484375
2 0.93203125 0.2125 0.06953125 0.10859375
2 0.85078125 0.3796875 0.0828125 0.11484375
2 0.25546875 0.43125 0.1265625 0.0921875
2 0.15078125 0.496875 0.1 0.0921875
2 0.35078125 0.64765625 0.09296875 0.0984375
2 0.30859375 0.73828125 0.09296875 0.11484375
2 0.446875 0.64140625 0.0796875 0.11875
2 0.6375 0.49375 0.109375 0.0953125
2 0.58828125 0.5375 0.09296875 0.0953125
2 0.790625 0.5578125 0.08984375 0.08515625
2 0.69921875 0.60703125 0.06328125 0.10546875
2 0.63984375 0.63828125 0.08671875 0.08515625
2 0.5546875 0.64453125 0.09609375 0.08515625
2 0.7109375 0.7125 0.0734375 0.11484375
2 0.7640625 0.840625 0.11640625 0.08515625
2 0.77109375 0.9109375 0.1 0.08203125