2 0.240625 0.19140625 0.28984375 0.25703125
2 0.24296875 0.4171875 0.24921875 0.28671875
2 0.071875 0.4078125 0.14375 0.303125
2 0.071875 0.7265625 0.14375 0.321875
2 0.2140625 0.71328125 0.17578125 0.37890625
2 0.4203125 0.73515625 0.1796875 0.315625
2 0.49765625 0.53671875 0.29375 0.2328125
2 0.49609375 0.09765625 0.1859375 0.1953125
2 0.659375 0.1484375 0.159375 0.29609375
2 0.6796875 0.37109375 0.27734375 0.271875
2 0.85078125 0.5484375 0.28984375 0.2328125
2 0.646875 0.7375 0.1921875 0.315625
2 0.77109375 0.76484375 0.20390625 0.28125