2 0.17890625 0.521875 0.109375 0.046875
2 0.190625 0.59453125 0.0953125 0.040625
2 0.26875 0.57421875 0.06640625 0.084375
2 0.38359375 0.5421875 0.06640625 0.07421875
2 0.21171875 0.64296875 0.0953125 0.05390625
2 0.34296875 0.59609375 0.11875 0.046875
2 0.36171875 0.64296875 0.0859375 0.05703125
2 0.41171875 0.6328125 0.0765625 0.0640625
2 0.68828125 0.63671875 0.1859375 0.0875
2 0.73125 0.55078125 0.12890625 0.11484375
2 0.340625 0.759375 0.21875 0.084375
2 0.2359375 0.846875 0.16171875 0.14140625
2 0.36171875 0.865625 0.12890625 0.15859375
2 0.7046875 0.85390625 0.21875 0.084375