3 0.125 0.17109375 0.14765625 0.159375
3 0.12265625 0.52421875 0.09921875 0.21640625
3 0.12421875 0.86953125 0.08671875 0.18671875
3 0.36796875 0.5140625 0.11875 0.253125
3 0.44375 0.0984375 0.11171875 0.121875
3 0.31015625 0.2609375 0.11171875 0.1359375
3 0.30546875 0.89296875 0.10234375 0.1671875
3 0.41328125 0.928125 0.10078125 0.13359375
3 0.6078125 0.828125 0.11875 0.18046875
3 0.62265625 0.1578125 0.10078125 0.26953125
3 0.86171875 0.2046875 0.13515625 0.20859375
3 0.85546875 0.46484375 0.12734375 0.16328125
3 0.87109375 0.846875 0.12578125 0.1296875
3 0.56328125 0.459375 0.1171875 0.20234375
3 0.63828125 0.503125 0.09375 0.19453125
3 0.58515625 0.58671875 0.12734375 0.14921875