5 0.55390625 0.05859375 0.09140625 0.08359375
5 0.67265625 0.11328125 0.16796875 0.159375
5 0.8171875 0.2140625 0.22109375 0.13828125
5 0.89375 0.13984375 0.14921875 0.17421875
5 0.57265625 0.2296875 0.09609375 0.23125
5 0.65390625 0.34140625 0.10234375 0.259375
5 0.7828125 0.4140625 0.1625 0.15625
5 0.915625 0.38984375 0.10234375 0.21640625
5 0.55546875 0.38359375 0.090625 0.2296875
5 0.5625 0.56484375 0.10625 0.1234375
5 0.67578125 0.55859375 0.17265625 0.1
5 0.61328125 0.68359375 0.16796875 0.1546875
5 0.7984375 0.6375 0.14453125 0.21015625
5 0.9203125 0.6203125 0.1 0.2234375
5 0.82421875 0.759375 0.153125 0.16875
5 0.63984375 0.80859375 0.16328125 0.159375
5 0.58359375 0.928125 0.14375 0.11328125
5 0.70546875 0.87265625 0.109375 0.21328125
5 0.9125 0.90703125 0.1015625 0.14140625
5 0.9265625 0.796875 0.084375 0.096875
5 0.31953125 0.1734375 0.0375 0.0671875
5 0.16953125 0.20703125 0.0484375 0.05078125
5 0.19453125 0.1296875 0.028125 0.071875
5 0.11875 0.08125 0.0390625 0.0578125
5 0.09609375 0.41875 0.04921875 0.04140625
5 0.15234375 0.4 0.0328125 0.08203125
5 0.19921875 0.396875 0.0375 0.0703125
5 0.27734375 0.35703125 0.0484375 0.0359375
5 0.35625 0.3625 0.04609375 0.0578125
5 0.3796875 0.2671875 0.0390625 0.08046875