6 0.4328125 0.48125 0.0328125 0.04375
6 0.43984375 0.4390625 0.03671875 0.0375
6 0.45390625 0.40546875 0.03515625 0.04609375
6 0.478125 0.43046875 0.03203125 0.04140625
6 0.4609375 0.47578125 0.03671875 0.0484375
6 0.5 0.4703125 0.03046875 0.0421875
6 0.49453125 0.4859375 0.03203125 0.0421875
6 0.5 0.4359375 0.03984375 0.04140625
6 0.5125 0.4 0.03671875 0.0515625
6 0.52265625 0.4859375 0.025 0.05390625
6 0.54296875 0.4453125 0.0328125 0.03515625
6 0.55390625 0.4875 0.03671875 0.04609375
6 0.67734375 0.3546875 0.0328125 0.0515625
6 0.53359375 0.84453125 0.034375 0.04140625
6 0.5640625 0.84296875 0.0421875 0.0421875
6 0.53046875 0.921875 0.03671875 0.0515625
6 0.575 0.9046875 0.03046875 0.04140625
6 0.5828125 0.8765625 0.0390625 0.04375
6 0.6078125 0.9171875 0.025 0.0390625
6 0.60078125 0.97421875 0.0390625 0.04375
6 0.3328125 0.2328125 0.03046875 0.04375
6 0.0203125 0.4796875 0.03671875 0.0515625
6 0.69765625 0.05703125 0.03046875 0.0421875
6 0.6796875 0.0234375 0.03515625 0.04140625
6 0.7828125 0.01484375 0.028125 0.0296875
6 0.9421875 0.11953125 0.0328125 0.05625